Year,"Employment in agriculture, female (% of female employment) (modeled ILO estimate)","Employment in agriculture, male (% of male employment) (modeled ILO estimate)"
1991,71.45646374,67.59245037
1992,71.8603306,67.35682117
1993,71.41551995,66.63458291
1994,70.64220664,65.82667803
1995,70.60532487,65.82815995
1996,70.01501353,65.47490478
1997,69.17443455,65.00074105
1998,69.64992404,64.29271258
1999,69.86827474,63.87632564
2000,70.33473312,63.65144315
2001,69.09560384,62.94921142
2002,68.61356474,62.73287926
2003,68.97994859,63.18513739
2004,68.51727291,63.37982451
2005,67.96749408,63.4377925
2006,67.84980906,63.42781467
2007,67.6193278,63.05672837
2008,68.52799158,64.17870867
2009,67.89097772,63.5988342
2010,68.06170526,63.05166524
2011,66.93221034,61.8426379
2012,66.56021494,61.34754438
2013,67.41971582,62.53979499
2014,65.49784062,59.90088527
2015,67.07408937,61.62838906
2016,66.09525005,60.29752378
2017,66.89793119,61.47305147
2018,65.49915932,59.52649241
2019,64.88809795,58.77510639
2020,64.92485096,59.15646335
2021,65.03571552,58.83934823
2022,64.3421891,58.51897367
2023,63.97764203,58.07733999
